   1.00000000       7.44795129E-02
  0.500000000       1.74798388E-02
  0.250000000       4.39974573E-03
  0.125000000       1.10185484E-03
   6.25000000E-02   2.74685997E-04
   3.12500000E-02   6.97862124E-05
   1.56250000E-02   1.76280173E-05
   7.81250000E-03   4.14776878E-06
   3.90625000E-03   1.76280173E-06
   1.95312500E-03   1.76280173E-06
   9.76562500E-04   3.31821502E-06
   4.88281250E-04   3.42190924E-06
   2.44140625E-04   1.24433063E-06
   1.22070312E-04   6.22165317E-07
   6.10351562E-05   2.90343814E-06
   3.05175781E-05   9.33247975E-07
   1.52587891E-05   3.19378196E-05
   7.62939453E-06   8.16073516E-05
   3.81469727E-06   3.55878554E-04
   1.90734863E-06   5.61815279E-04
